Neutral Reviews: 1118
Total Reviews: 41033
--------------------------------------
adblock-plus-free-ad-bloc
67
-----
-30, 74
-0.40540540540540543
-94, 147
-0.6394557823129252
-31, 97
-0.31958762886597936
-33, 94
-0.35106382978723405
-32, 91
-0.3516483516483517
-44, 231
-0.19047619047619047
-126, 462
-0.2727272727272727
-75, 236
-0.3177966101694915
-90, 369
-0.24390243902439024
-106, 382
-0.2774869109947644
-160, 451
-0.35476718403547675
-287, 609
-0.47126436781609193
-232, 516
-0.4496124031007752
-253, 523
-0.4837476099426386
-165, 463
-0.3563714902807775
-149, 424
-0.35141509433962265
-91, 351
-0.25925925925925924
-95, 511
-0.18590998043052837
-93, 446
-0.2085201793721973
-111, 501
-0.2215568862275449
-108, 498
-0.21686746987951808
-86, 450
-0.19111111111111112
-93, 471
-0.19745222929936307
-146, 531
-0.2749529190207156
-114, 444
-0.25675675675675674
-95, 342
-0.2777777777777778
-106, 389
-0.27249357326478146
-88, 316
-0.27848101265822783
-68, 258
-0.26356589147286824
-171, 400
-0.4275
-102, 346
-0.2947976878612717
-71, 280
-0.25357142857142856
-70, 333
-0.21021021021021022
-79, 393
-0.2010178117048346
-67, 378
-0.17724867724867724
-74, 301
-0.24584717607973422
-50, 193
-0.25906735751295334
-48, 170
-0.2823529411764706
-43, 152
-0.28289473684210525
-55, 170
-0.3235294117647059
-30, 111
-0.2702702702702703
-63, 155
-0.4064516129032258
-80, 144
-0.5555555555555556
-51, 87
-0.5862068965517241
-22, 55
-0.4
-14, 49
-0.2857142857142857
-4, 33
-0.12121212121212122
-16, 49
-0.32653061224489793
-26, 89
-0.29213483146067415
-28, 141
-0.19858156028368795
-32, 157
-0.20382165605095542
-18, 113
-0.1592920353982301
-43, 101
-0.42574257425742573
-36, 168
-0.21428571428571427
-27, 162
-0.16666666666666666
-34, 164
-0.2073170731707317
-31, 151
-0.2052980132450331
-36, 144
-0.25
-49, 185
-0.2648648648648649
-23, 132
-0.17424242424242425
-23, 128
-0.1796875
-19, 109
-0.1743119266055046
-51, 336
-0.15178571428571427
-54, 310
-0.17419354838709677
-58, 273
-0.21245421245421245
-60, 305
-0.19672131147540983
-2, 9
-0.2222222222222222
--------------------------------------------------
ublock-origin
51
-----
-32, 84
-0.38095238095238093
-54, 100
-0.54
-46, 82
-0.5609756097560976
-134, 285
-0.47017543859649125
-126, 234
-0.5384615384615384
-237, 392
-0.6045918367346939
-91, 186
-0.489247311827957
-129, 261
-0.4942528735632184
-128, 252
-0.5079365079365079
-152, 304
-0.5
-148, 269
-0.550185873605948
-85, 186
-0.45698924731182794
-54, 140
-0.38571428571428573
-116, 278
-0.4172661870503597
-124, 270
-0.45925925925925926
-113, 257
-0.4396887159533074
-98, 255
-0.3843137254901961
-132, 276
-0.4782608695652174
-216, 404
-0.5346534653465347
-91, 212
-0.42924528301886794
-118, 241
-0.4896265560165975
-81, 206
-0.3932038834951456
-111, 223
-0.4977578475336323
-121, 245
-0.49387755102040815
-79, 180
-0.4388888888888889
-103, 195
-0.5282051282051282
-66, 129
-0.5116279069767442
-48, 103
-0.46601941747572817
-84, 158
-0.5316455696202531
-50, 117
-0.42735042735042733
-60, 124
-0.4838709677419355
-37, 92
-0.40217391304347827
-47, 120
-0.39166666666666666
-69, 140
-0.4928571428571429
-82, 149
-0.5503355704697986
-70, 131
-0.5343511450381679
-91, 182
-0.5
-94, 229
-0.4104803493449782
-180, 352
-0.5113636363636364
-60, 170
-0.35294117647058826
-56, 160
-0.35
-84, 218
-0.3853211009174312
-116, 235
-0.49361702127659574
-59, 157
-0.37579617834394907
-59, 136
-0.4338235294117647
-44, 97
-0.4536082474226804
-79, 164
-0.4817073170731707
-52, 116
-0.4482758620689655
-28, 83
-0.3373493975903614
-50, 108
-0.46296296296296297
0, 0
--------------------------------------------------
ghostery-–-privacy-ad-blo
63
-----
-16, 62
-0.25806451612903225
-9, 42
-0.21428571428571427
-13, 48
-0.2708333333333333
-7, 54
-0.12962962962962962
-2, 65
-0.03076923076923077
-12, 51
-0.23529411764705882
-10, 43
-0.23255813953488372
-5, 43
-0.11627906976744186
-16, 58
-0.27586206896551724
-9, 70
-0.12857142857142856
-17, 77
-0.22077922077922077
-19, 71
-0.2676056338028169
-17, 62
-0.27419354838709675
-16, 106
-0.1509433962264151
-22, 85
-0.25882352941176473
-37, 112
-0.33035714285714285
-40, 130
-0.3076923076923077
-28, 99
-0.2828282828282828
-31, 106
-0.29245283018867924
-40, 141
-0.28368794326241137
-19, 70
-0.2714285714285714
-36, 104
-0.34615384615384615
-53, 111
-0.4774774774774775
-23, 53
-0.4339622641509434
-4, 37
-0.10810810810810811
-44, 87
-0.5057471264367817
-21, 53
-0.39622641509433965
-13, 41
-0.3170731707317073
-15, 35
-0.42857142857142855
-10, 30
-0.3333333333333333
-16, 26
-0.6153846153846154
-3, 19
-0.15789473684210525
-9, 22
-0.4090909090909091
-49, 68
-0.7205882352941176
-23, 52
-0.4423076923076923
-24, 63
-0.38095238095238093
-28, 59
-0.4745762711864407
-16, 40
-0.4
-26, 41
-0.6341463414634146
-84, 106
-0.7924528301886793
-15, 26
-0.5769230769230769
-22, 35
-0.6285714285714286
-13, 29
-0.4482758620689655
-7, 11
-0.6363636363636364
-7, 15
-0.4666666666666667
-8, 15
-0.5333333333333333
-4, 13
-0.3076923076923077
-3, 7
-0.42857142857142855
-6, 10
-0.6
-7, 11
-0.6363636363636364
-9, 12
-0.75
-10, 16
-0.625
-6, 14
-0.42857142857142855
-8, 14
-0.5714285714285714
-6, 9
-0.6666666666666666
-6, 7
-0.8571428571428571
-5, 13
-0.38461538461538464
-11, 14
-0.7857142857142857
-7, 16
-0.4375
-8, 21
-0.38095238095238093
-6, 18
-0.3333333333333333
-8, 40
-0.2
-9, 25
-0.36
--------------------------------------------------
https-everywhere
62
-----
-9, 19
-0.47368421052631576
-3, 16
-0.1875
-3, 12
-0.25
-4, 14
-0.2857142857142857
-3, 16
-0.1875
-15, 26
-0.5769230769230769
-3, 10
-0.3
-5, 16
-0.3125
-10, 24
-0.4166666666666667
-22, 28
-0.7857142857142857
-13, 24
-0.5416666666666666
-13, 23
-0.5652173913043478
-6, 18
-0.3333333333333333
-6, 18
-0.3333333333333333
-7, 23
-0.30434782608695654
-17, 32
-0.53125
-11, 18
-0.6111111111111112
-8, 13
-0.6153846153846154
-2, 9
-0.2222222222222222
-6, 9
-0.6666666666666666
-7, 17
-0.4117647058823529
-5, 20
-0.25
-9, 21
-0.42857142857142855
-14, 20
-0.7
-25, 50
-0.5
-20, 36
-0.5555555555555556
-11, 24
-0.4583333333333333
-6, 18
-0.3333333333333333
-17, 33
-0.5151515151515151
-17, 39
-0.4358974358974359
-10, 26
-0.38461538461538464
-15, 32
-0.46875
-6, 18
-0.3333333333333333
-20, 30
-0.6666666666666666
-10, 24
-0.4166666666666667
-1, 9
-0.1111111111111111
-6, 17
-0.35294117647058826
-4, 7
-0.5714285714285714
-3, 5
-0.6
-4, 7
-0.5714285714285714
-3, 4
-0.75
-3, 7
-0.42857142857142855
-2, 5
-0.4
0, 1
0.0
0, 4
0.0
-5, 11
-0.45454545454545453
0, 0
-1, 5
-0.2
-3, 5
-0.6
-5, 7
-0.7142857142857143
-8, 12
-0.6666666666666666
-3, 8
-0.375
-5, 6
-0.8333333333333334
-2, 3
-0.6666666666666666
-2, 4
-0.5
-3, 5
-0.6
-2, 4
-0.5
-1, 2
-0.5
-2, 4
-0.5
-3, 18
-0.16666666666666666
0, 1
0.0
0, 0
--------------------------------------------------
disconnect
67
-----
-3, 8
-0.375
-4, 6
-0.6666666666666666
-3, 6
-0.5
-3, 5
-0.6
-5, 23
-0.21739130434782608
-6, 15
-0.4
-5, 35
-0.14285714285714285
-5, 18
-0.2777777777777778
-8, 15
-0.5333333333333333
-11, 25
-0.44
-6, 15
-0.4
-9, 23
-0.391304347826087
-10, 22
-0.45454545454545453
-14, 25
-0.56
-9, 21
-0.42857142857142855
-30, 47
-0.6382978723404256
-6, 19
-0.3157894736842105
-7, 21
-0.3333333333333333
-10, 24
-0.4166666666666667
-6, 17
-0.35294117647058826
-7, 11
-0.6363636363636364
-6, 14
-0.42857142857142855
-8, 15
-0.5333333333333333
-8, 15
-0.5333333333333333
-2, 9
-0.2222222222222222
-8, 16
-0.5
-6, 9
-0.6666666666666666
-4, 8
-0.5
-3, 9
-0.3333333333333333
-5, 11
-0.45454545454545453
-4, 8
-0.5
-1, 4
-0.25
-3, 6
-0.5
-4, 9
-0.4444444444444444
-2, 4
-0.5
-2, 6
-0.3333333333333333
-4, 14
-0.2857142857142857
-1, 7
-0.14285714285714285
-5, 6
-0.8333333333333334
-1, 6
-0.16666666666666666
-1, 5
-0.2
-4, 6
-0.6666666666666666
-2, 3
-0.6666666666666666
-3, 7
-0.42857142857142855
-2, 4
-0.5
-1, 1
-1.0
-1, 1
-1.0
-4, 5
-0.8
-2, 3
-0.6666666666666666
-2, 4
-0.5
-2, 2
-1.0
0, 0
0, 0
-1, 1
-1.0
-2, 2
-1.0
-2, 3
-0.6666666666666666
0, 1
0.0
0, 1
0.0
0, 2
0.0
0, 0
-1, 2
-0.5
0, 1
0.0
0, 1
0.0
-4, 5
-0.8
0, 1
0.0
0, 1
0.0
0, 0
--------------------------------------------------
privacy-badger
53
-----
-12, 19
-0.631578947368421
-6, 15
-0.4
-11, 23
-0.4782608695652174
-5, 10
-0.5
-1, 1
-1.0
-5, 9
-0.5555555555555556
-2, 4
-0.5
-5, 7
-0.7142857142857143
-14, 23
-0.6086956521739131
-7, 12
-0.5833333333333334
-6, 10
-0.6
-11, 16
-0.6875
-22, 30
-0.7333333333333333
-3, 12
-0.25
-3, 7
-0.42857142857142855
-8, 13
-0.6153846153846154
-16, 28
-0.5714285714285714
-4, 10
-0.4
-3, 15
-0.2
-6, 16
-0.375
-7, 17
-0.4117647058823529
-2, 11
-0.18181818181818182
0, 11
0.0
-17, 22
-0.7727272727272727
-4, 9
-0.4444444444444444
-4, 7
-0.5714285714285714
-2, 5
-0.4
-2, 7
-0.2857142857142857
-4, 8
-0.5
-5, 6
-0.8333333333333334
-6, 10
-0.6
-2, 2
-1.0
-2, 4
-0.5
-7, 10
-0.7
-2, 7
-0.2857142857142857
-1, 2
-0.5
-1, 3
-0.3333333333333333
0, 0
0, 3
0.0
-1, 6
-0.16666666666666666
-5, 11
-0.45454545454545453
0, 2
0.0
-8, 17
-0.47058823529411764
-3, 5
-0.6
-2, 2
-1.0
-1, 2
-0.5
0, 3
0.0
0, 2
0.0
-3, 4
-0.75
-2, 2
-1.0
0, 1
0.0
-4, 5
-0.8
0, 0
--------------------------------------------------
canvas-fingerprint-defend
29
-----
0, 2
0.0
0, 0
0, 0
0, 0
-1, 1
-1.0
0, 1
0.0
-1, 3
-0.3333333333333333
0, 0
0, 2
0.0
0, 1
0.0
0, 0
0, 0
0, 2
0.0
-1, 1
-1.0
0, 0
-3, 5
-0.6
0, 0
-1, 1
-1.0
-1, 3
-0.3333333333333333
-3, 5
-0.6
0, 0
0, 0
0, 1
0.0
-1, 1
-1.0
0, 0
0, 1
0.0
-1, 1
-1.0
0, 0
0, 0
--------------------------------------------------
user-agent-switcher-for-c
66
-----
-7, 15
-0.4666666666666667
-10, 18
-0.5555555555555556
-5, 12
-0.4166666666666667
-1, 8
-0.125
0, 6
0.0
-6, 11
-0.5454545454545454
-9, 20
-0.45
-2, 18
-0.1111111111111111
-5, 9
-0.5555555555555556
-4, 13
-0.3076923076923077
-8, 20
-0.4
-8, 18
-0.4444444444444444
-4, 12
-0.3333333333333333
-11, 21
-0.5238095238095238
-32, 42
-0.7619047619047619
-2, 11
-0.18181818181818182
-7, 12
-0.5833333333333334
-9, 15
-0.6
-7, 10
-0.7
-5, 15
-0.3333333333333333
-3, 12
-0.25
-2, 8
-0.25
0, 4
0.0
-1, 7
-0.14285714285714285
-4, 10
-0.4
-6, 14
-0.42857142857142855
0, 3
0.0
-1, 4
-0.25
-5, 8
-0.625
-6, 12
-0.5
-1, 7
-0.14285714285714285
-6, 12
-0.5
-3, 9
-0.3333333333333333
-2, 6
-0.3333333333333333
-8, 13
-0.6153846153846154
-5, 10
-0.5
-1, 14
-0.07142857142857142
-3, 9
-0.3333333333333333
-4, 13
-0.3076923076923077
-3, 9
-0.3333333333333333
-2, 7
-0.2857142857142857
-1, 4
-0.25
0, 5
0.0
-2, 4
-0.5
-7, 11
-0.6363636363636364
-5, 9
-0.5555555555555556
-8, 16
-0.5
-6, 9
-0.6666666666666666
-2, 2
-1.0
-7, 17
-0.4117647058823529
-2, 3
-0.6666666666666666
-3, 3
-1.0
-9, 11
-0.8181818181818182
-10, 13
-0.7692307692307693
-4, 7
-0.5714285714285714
-2, 2
-1.0
0, 1
0.0
-1, 4
-0.25
-4, 9
-0.4444444444444444
-2, 6
-0.3333333333333333
0, 0
-3, 4
-0.75
-1, 3
-0.3333333333333333
-3, 5
-0.6
-4, 6
-0.6666666666666666
-1, 1
-1.0
--------------------------------------------------
scriptsafe
67
-----
-3, 15
-0.2
-4, 17
-0.23529411764705882
-2, 3
-0.6666666666666666
-3, 6
-0.5
-3, 7
-0.42857142857142855
-2, 11
-0.18181818181818182
-3, 5
-0.6
-28, 38
-0.7368421052631579
-1, 2
-0.5
-10, 17
-0.5882352941176471
-4, 9
-0.4444444444444444
-5, 10
-0.5
-5, 10
-0.5
-8, 16
-0.5
-6, 11
-0.5454545454545454
-7, 12
-0.5833333333333334
-8, 10
-0.8
-5, 11
-0.45454545454545453
-7, 7
-1.0
-5, 11
-0.45454545454545453
-20, 27
-0.7407407407407407
-14, 21
-0.6666666666666666
-12, 17
-0.7058823529411765
-6, 10
-0.6
-12, 14
-0.8571428571428571
-8, 14
-0.5714285714285714
-7, 8
-0.875
-20, 31
-0.6451612903225806
-19, 25
-0.76
-4, 8
-0.5
-4, 5
-0.8
-11, 16
-0.6875
-3, 9
-0.3333333333333333
-5, 8
-0.625
-7, 11
-0.6363636363636364
-7, 13
-0.5384615384615384
-5, 9
-0.5555555555555556
-2, 5
-0.4
-4, 7
-0.5714285714285714
-7, 12
-0.5833333333333334
-4, 6
-0.6666666666666666
-2, 5
-0.4
0, 3
0.0
-2, 4
-0.5
-3, 4
-0.75
-1, 1
-1.0
-1, 1
-1.0
0, 1
0.0
-2, 4
-0.5
0, 0
-1, 2
-0.5
0, 1
0.0
0, 0
-1, 1
-1.0
-1, 4
-0.25
0, 1
0.0
-2, 2
-1.0
0, 2
0.0
-2, 2
-1.0
0, 0
-1, 1
-1.0
-3, 3
-1.0
0, 2
0.0
-1, 2
-0.5
0, 0
0, 1
0.0
0, 0
--------------------------------------------------
decentraleyes
34
-----
-6, 12
-0.5
0, 3
0.0
-3, 3
-1.0
-4, 6
-0.6666666666666666
-1, 5
-0.2
0, 4
0.0
-1, 1
-1.0
-2, 3
-0.6666666666666666
0, 0
0, 0
-1, 1
-1.0
0, 1
0.0
0, 0
0, 3
0.0
-1, 1
-1.0
-2, 2
-1.0
-1, 1
-1.0
-1, 1
-1.0
-1, 1
-1.0
0, 3
0.0
0, 2
0.0
0, 1
0.0
0, 1
0.0
0, 2
0.0
0, 0
-2, 3
-0.6666666666666666
-2, 3
-0.6666666666666666
0, 1
0.0
-1, 2
-0.5
0, 0
0, 3
0.0
-2, 2
-1.0
-2, 3
-0.6666666666666666
0, 0
--------------------------------------------------
adguard-adblocker
54
-----
-4, 16
-0.25
-3, 75
-0.04
-10, 66
-0.15151515151515152
-8, 71
-0.11267605633802817
-7, 71
-0.09859154929577464
-6, 68
-0.08823529411764706
-19, 154
-0.12337662337662338
-12, 170
-0.07058823529411765
-13, 137
-0.0948905109489051
-13, 165
-0.07878787878787878
-39, 198
-0.19696969696969696
-18, 127
-0.14173228346456693
-21, 125
-0.168
-24, 149
-0.1610738255033557
-11, 95
-0.11578947368421053
-14, 85
-0.16470588235294117
-27, 114
-0.23684210526315788
-26, 109
-0.23853211009174313
-39, 194
-0.20103092783505155
-32, 187
-0.1711229946524064
-17, 158
-0.10759493670886076
-24, 143
-0.16783216783216784
-21, 114
-0.18421052631578946
-20, 130
-0.15384615384615385
-30, 169
-0.17751479289940827
-29, 156
-0.1858974358974359
-17, 119
-0.14285714285714285
-12, 116
-0.10344827586206896
-21, 101
-0.2079207920792079
-14, 77
-0.18181818181818182
-15, 93
-0.16129032258064516
-10, 51
-0.19607843137254902
-26, 109
-0.23853211009174313
-14, 94
-0.14893617021276595
-13, 72
-0.18055555555555555
-11, 98
-0.11224489795918367
-13, 88
-0.14772727272727273
-15, 104
-0.14423076923076922
-4, 47
-0.0851063829787234
-8, 33
-0.24242424242424243
-12, 99
-0.12121212121212122
-13, 97
-0.13402061855670103
-13, 81
-0.16049382716049382
-7, 70
-0.1
-11, 77
-0.14285714285714285
-20, 93
-0.21505376344086022
-19, 88
-0.2159090909090909
-13, 70
-0.18571428571428572
-14, 60
-0.23333333333333334
-7, 74
-0.0945945945945946
-15, 111
-0.13513513513513514
-17, 94
-0.18085106382978725
-24, 126
-0.19047619047619047
-1, 4
-0.25
--------------------------------------------------
bitwarden-free-password-m
37
-----
-3, 10
-0.3
-5, 14
-0.35714285714285715
-2, 12
-0.16666666666666666
0, 8
0.0
-1, 5
-0.2
-4, 18
-0.2222222222222222
-1, 10
-0.1
-2, 14
-0.14285714285714285
-5, 19
-0.2631578947368421
0, 22
0.0
-2, 17
-0.11764705882352941
-6, 32
-0.1875
-5, 24
-0.20833333333333334
-2, 27
-0.07407407407407407
-10, 37
-0.2702702702702703
-4, 32
-0.125
-6, 28
-0.21428571428571427
-3, 18
-0.16666666666666666
-8, 38
-0.21052631578947367
-5, 39
-0.1282051282051282
-8, 41
-0.1951219512195122
-2, 17
-0.11764705882352941
-5, 24
-0.20833333333333334
-5, 44
-0.11363636363636363
-5, 32
-0.15625
-1, 36
-0.027777777777777776
-27, 194
-0.13917525773195877
-21, 142
-0.14788732394366197
-19, 84
-0.2261904761904762
-17, 78
-0.21794871794871795
-12, 60
-0.2
-12, 70
-0.17142857142857143
-52, 138
-0.37681159420289856
-16, 78
-0.20512820512820512
-9, 56
-0.16071428571428573
-19, 68
-0.27941176470588236
0, 0
--------------------------------------------------
noscript
22
-----
-5, 25
-0.2
-3, 8
-0.375
-2, 6
-0.3333333333333333
-3, 6
-0.5
-2, 4
-0.5
-2, 3
-0.6666666666666666
-1, 1
-1.0
-2, 3
-0.6666666666666666
-1, 1
-1.0
-3, 5
-0.6
-1, 2
-0.5
-1, 4
-0.25
0, 0
-3, 4
-0.75
-3, 4
-0.75
-1, 1
-1.0
-1, 2
-0.5
-18, 22
-0.8181818181818182
-2, 4
-0.5
-1, 1
-1.0
-3, 5
-0.6
-1, 1
-1.0
--------------------------------------------------
